2018
2
2
2012
2018
2015
100
2017
13
1
0
2001
2001
10
17
2018
2018
2001
2017
2014
1
1
2017
20
6
2018
2
0
2017
7
777
2019
2018
6
2
0
26
500
2017
7680
2017
1905
5
2022
2018
2
0
5
3
11
18
2018
3
0
750
100
2012
226
000
91
9
200
0
9
14
4
45
000
2
0
144
336
2017
1
9
12
67
000
1994
1943
4
2018
2016
2
30
2
30
2014
2016
30
11
1
50
1974
11
11
3
4
2100
3
6
0
5
1998
6
2018
5
2
2018
1
4
2
2018
3
4
2016
101
2016
70
2018
2
10
2018
4
18
5
2
51
1984
1401
1
100
15
2018
6389
24
5
5
30
2016
2
10
3
100
000
2007
2007
2
1
50
4
4
900
15
2018
4
2011
2015
1909
52
2009
24
7
4
3
2016
11
2
4
88
1
1
8
28
155
2013
46
1
7
57
1995
1
2
2015
3
629
2
5
2
2
3
2018
250
3
1
1
2018
2
0
1873
2002
72
12
2006
2016
8
2018
4
8
2018
11
2018
24
2013
721
12
2018
2
2
1984
2
8
4
1
3
7
880
000
90
2015
14
11
2
2013
59
1
000
2018
1
2005
2011
880
000
2
2
60
2014
1
3
1
700
1
3
2016
2018
1
7
0
2007
2012
2018
2018
9
5
7
14
12
2016
04
2018
24
2018
1
6
2016
10
2017
2017
2000
2
2
6
58
6
8
8
9
2018
1
6
0
2016
11
3
8
40
000
2018
5
4
3
11
10
2009
1998
2013
1988
2008
2
3
35
10
3
82
2017
3
6
000
2018
2017
2
1
13
8
2013
787
8
787
9
2016
2018
20
000
3
3
0
1998
19
1891
1
1
2017
2
10
0
200
000
7
2014
8949
10
1
4185
1
8
20
30
2017
2006
10
2017
3
0
10
1803
2
0
6
10
18
2017
8752
4
1
5
11
15
2
2016
1968
4
9
6
13
2
1
1908
2017
3
2012
4
11
2018
4
12
2018
1
1990
2001
18
10
275
1
2018
2012
125
100
000
2008
6
2013
17
2013
60
0
22
3
10
000
3
2006
2018
2008
26
1
10
14
7
0
30
2018
10
2018
10
3
30
10
500
000
2017
28
5
2017
0
2016
3
4
17
02
8
8
7
2
78
3
0
2016
50
2015
4
0
2014
1999
20
5
0
1
1975
116
2015
16
7
0
17
5
3
0
0
1
66
10
28
5
3
30
2008
1
5
98
2000
1980
1989
2015
7
2300
2017
9
2
43
1
0
2
0
2373
5
23
1937
2016
5
2018
2003
2018
3
76
2017
2016
2017
2018
4
500
2014
2011
3
8
3
0
2015
2006
8
2
0
2016
2017
3
0
2015
4
2
6
1
2007
10
12
2006
16
04
5
500
10
2
2003
1996
11
390
2013
2012
3301
200
2013
18
6
2010
100
25
99
4
1
2
60
2018
2017
4
2018
2018
2020
13
90
1
6502
2013
2018
32
6
7
2
2016
2014
40
2
10
9
8
10
000
10
201808
4
18
3
0
2018
5
2015
2017
1
11
2018
2012
168
80
2017
15
26
2015
8
1
0
0
101
1
0
3
1989
7
2
2015
11
2
1
3
250
2
0
1
0
2018
4
21
86
2018
11776
7
1
090
4
0
500
299
11
4
2
50
2016
2013
100
22
35
1
1
2
2016
4000
3
6
2038
100
100
2016
1553
2017
2008
500
4
2016
2016
2014
62
2015
2014
1
440
250
3
3
8
2017
2
1
6
2014
140
2004
1962
2005
2018
9
19
18
10
2017
4
17
8
2018
3
2018
2018
2
3
2018
0
6
0
2012
2
5
1
2017
2054
6
2017
2005
2
2017
10
2014
1999
15
8601
11
2018
1
80
000
1998
60
0
2018
2016
2015
5
867
53
0900
12
2015
100
2
4
10
802
2008
2018
2018
2013
2013
12
220
545
877
1
4
1910
2017
4
2019
100
2024
90
1999
10
6
1
0
2019
2018
2
2014
1
2016
1993
1
17
100
7
3
2014
2017
7
16
2022
1
1
4
1
7
2018
2020
2018
2
6
2
1
3
0
2
1
12
2012
2017
2018
2016
2018
2100
1975
2018
1
12
1
3
10
64
2
6
0
2017
25
2017
2018
49
8
2008
50
10
2018
101
2017
2011
2015
2017
2016
12
000
2015
1985
150
2
0
4
250
1
6
8
343
40
5
30
845
2016
2017
2015
2010
4
2018
1
3
5
8
4
30
20
1
2014
2012
2013
7
1
11
2018
3
9
35
000
3
38
000
2018
2018
101
3
700
50
3
2007
2017
2014
3
2003
150
0
17
75
2018
2
1
2
150
22
2012
90
6
2018
5
10
500
2018
2
3
2012
2016
2018
1
13
2
90
10
32
000
1
2012
35
8
2018
18800
2013
13
500
000
5
100
1959
2008
4
0
5
72
1
0
1
1
12
2018
6896
2018
3
10
2014
2018
60
2018
2013
2010
2018
2019
75
5
300
2018
3
2011
2019
7
18
06
2018
1000
1
2019
1
2015
2016
2018
2018
2019
2015
2019
200
000
1939
1974
3
2019
2018
0
6
474
1
10
0
408
10
1903
6
2018
2015
17
2016
2008
19
2
2002
1
0
10
1984
5
7
2019
2014
1992
5
19
1977
2019
2060
2013
6
2018
180
2018
99
3
5
0
1
2019
1
000
8
0
1
2013
1
32
3
10
14
18
04
10
0
0
5
0
300
000
2016
1
1000
1
2017
1
4
1
2019
2
6
1
9
7
2016
3
4
2018
87
3
2015
2014
1000
2019
70
2019
2
2
0
250
000
5
1
2019
3
0
4
2017
25
20
1995
610
577
10
11
40
2017
300
21
2007
5
10
9
2019
3
1933
2017
0
8
0
2014
2017
3
1403
132
2018
2013
73
2017
6600
3
3
2018
2019
2050
500
2018
4
7
19
0
600
000
1
14
35
1
000
2018
9
2
2011
14
27
925
1
80386
5
29
2018
2003
15
2015
9
30
2
6
10
3
0
0
2017
5
1
0
3
5
500
5
1
2019
180
2010
2
2
0
0
74
15
16
625
28
2999
2013
2
4
2019
4
2019
15
2018
300
000
4
2018
10
35
2
3
3263
64
8
1997
2018
2004
1
400
2014
10
2029
2006
2019
2019
3
35
000
2018
2018
2015
2018
1
000
2018
26
6
2
10
5
6
2
2019
1
3
2018
2018
2014
30
2018
2013
73
2
1
4
2015
2018
2004
3
13
11
2018
3
2
9
0
2014
3
2017
50
10
14
1991
2018
2
1
12
2019
14
2018
31
3
8
5
6
40
4
8
8
8
8
2019
24
5
6
99
2015
20
2
320
000
2007
2017
2019
2016
30
2
2018
10
2008
115
2019
5736
2017
13
13
20
100
150
1959
60
2019
10
10
19
2019
50
4
2017
2017
2
14
2018
101
2019
9
2018
95
18
2017
2019
365
1996
3
93
1
0
4
2019
13
2012
1
0
1
2
2019
2
27
2019
3
0
2019
10
2
2016
2017
2018
18
2018
2019
2019
2008
100
000
35
2016
11
2
0
0
0
14
16
3
40
2009
1
3
0
2018
24
192
2012
2
0
0
0
2
13
2
2018
2019
18
9
1945
35
2014
10
15
50
2018
2012
2017
2018
1959
1998
86
15
2016
41
0
2019
1936
1982
404
26
7
737
8
34
2018
1
101
3
737
1
265
2014
15
2010
737
2007
13
99
15
99
2005
10
7
2018
88
4
12
2
2011
2017
2016
64
2018
10
2017
4
3
2009
737
3
75
2011
0
3
8
5
0
2017
2016
2018
737
19
2016
2015
2003
2015
2017
10
6
2019
11
6
61
2018
3
4
2008
2011
200
75
9000
9004
2018
18
2018
2012
2019
24
737
2019
2019
0
2
2005
89
2018
13
2019
2019
73
1
3
1961
2016
100
2014
2009
3
2014
3
1
2
0
12
2
2019
2016
10
20
1
1
2013
2005
2015
13
74
5
100
2
2
0
2019
2018
15
101
1
1
10
18865
2012
2007
2018
2019
2019
0211
10
2015
0
20
30
2019
2018
13
5
2018
2019
1
2019
1997
2600
3
2019
1
27
8
2014
2019
2014
508
2013
1
60
11
0
50
3
1
300
2017
2013
2019
2009
996
92
100
5
18
19
56
99
4
2009
2
339
2018
25
536
442
70
70
2019
2017
2013
2019
737
35
000
2011
2019
2
13
0
2015
2019
2
97
35
3
0
10
0
5
4
1
2
102
1
2
10
1972
2002
30
4
360
39
92
60
4
305
2015
2010
75
2
0
3
3
0
0
2020
0
0
2008
8
999
19
04
19
12
19
04
2019
4
4
5
40
1
2010
5
400
8
0
2018
30
30
737
1
2
2016
735
10
1903
1791
4
20
2018
2013
2018
12
10
6
2001
44
1541
97
4
1
1998
28
44
1541
500
2019
20
737
1
2016
100
6
1995
2015
2
2
2019
0
2048
2048
500
2002
2019
1977
2016
2019
2014
2002
50
2009
10
2019
2017
3
2018
2018
1
2019
2017
19
2017
3
10
30
2018
13
15
73
12
6
0
15
1956
1
2011
2018
2019
20
0
12
0
2019
10
24
2018
2017
2019
5
0
2019
9
3
1791
2
2014
10
0000
230
11
2016
2016
2019
30
6
33
2019
2
790
1
2019
2017
70
14
1962
737
2016
2019
50
800
63
3
8
3
1800
2
100
1
1
2018
3
2015
737
60
737
01
2013
20
1994
0
2
8
24
2012
1
10
1
2018
1
2018
0
0
4
22
0
5
1982
415
1992
2
2
3
0
2017
2019
2019
2018
18
065
2012
2015
3
1
7
40
1983
89
2019
6
6
2
1
1990
3
30
1
10
3
0
2
8
28
52
1971
2003
0
2015
5
40
2017
2017
1929
2019
2019
2014
2016
2013
2
8
12
5
25
2019
12
3
499
2019
425
2009
18
60
2019
0708
10
1919
2019
2019
2
1945
1969
1
1900
2013
737
2018
2011
2020
2018
2014
2012
73
2005
4400
7500
2
1
6
1996
2016
2009
64
1541
2015
2019
2
2015
101
11
2017
1
1
89
737
1930
31
000
40
4
2
2
7
1944
2007
2017
5
2009
20
000
1989
66
2
1
25
13
6
2
95
2019
737
60
5
59
0
50
2019
2017
15
2021
2019
31
35
5
16
18
9
2016
400
4
2019
2018
2019
76
3
4
2019
2015
1
18
1
2
00
2019
1788
2009
3
2018
11
2000
64
132
2019
2016
100
737
